100416694
100001502
100464470
100204800
102113159
102177957
100037660
100249656
100020240
100300270
102942673
100811473
100619448
101033998
100238538
102697661
102323109
100193620
100243884
100206592
100700730
100809341
102270603
100027348
100797449
100384002
101107716
100605090
100245718
100350888
100700782
100203080
102289045
100442780
102135001
100036546
100208408
100805547
100259110
100055226
102270371
102942997
100927277
100183568
102643751
100256820
102415703
100202158
102643717
100204750
100223614
101109950
100244936
100183256
100027072
100315780
100913591
100632449
100218058
100394406
100055094
100010974
100372708
100054350
100262110
100591768
100249048
100448078
102475925
101082040
102479515
100203544
100233054
100929091
102266401
100042206
100581390
100021534
100204175
102497027
100604160
100231766
100234504
100158144
100380700
100250946
100380624
100254710
100233948
100254724
102116767
100280204
100285482
100230374
100250026
100248674
100230892
100380684
100243092
100250660
101086196
100274904
100280068
100247672
100584618
100041227
100032900
100258524
100383882
100234272
100231540
102173797
100243012
100251172
100115445
100234098
100381106
100242714
100253422
100233116
100233716
100249536
100500452
100284906
100602832
100255584
100380898
100231632
100250190
100012320
100041404
102929311
100213334
100413500
102592345
100419488
100179782
100132005
102587837
100009284
101082058
100541354
100364656
100428708
100078730
100432948
100397556
100101438
102261525
100472244
100159590
100475586
102257181
100243118
100420052
100080574
100243448
100182960
100245648
102280389
102416757
100588948
100279052
100251562
100254656
100060874
100456192
100310518
100082180
100246902
100486568
100196954
100242114
100546176
100267264
100060589
100181707
100248242
100331838
100241148
100205140
100546182
100256130
100581060
102966925
100533462
100246012
100425364
100275130
100353462
100365342
100549618
100461196
100212318
100034102
100212166
100008810
100016630
100372562
100026746
100074442
100588608
100159902
100219518
100396838
100020752
100078874
102281451
100340811
100574680
100203574
100432676
100797575
100002948
100208088
100405550
100201176
100012528
100391860
100209280
100036574
100317510
100395908
100085110
102252761
100019656
100196130
100404828
100023638
100421318
100428294
100000724
100410796
100093288
100194250
100680404
100028506
100207618
102774567
100160282
100511528
100039056
100087590
100323254
100082492
100185618
100431140
100412934
100632519
100203174
100019046
100396964
100262908
101066376
100390206
100182800
102266789
100215840
100773811
100197502
100705437
100204742
100015372
100042600
100082020
100758605
102420701
100195538
100119184
100010848
100682434
100197452
100044880
100049419
100426540
102167163
100239379
100158544
102856517
100136740
101082246
102330685
100621418
100694520
100252714
102774601
100260574
100024560
102786317
100004442
100413410
100935805
102658827
100483134
100021788
100188478
100049623
100195266
100245282
100165500
100387440
100166232
100218326
100147638
100008960
100164674
100009272
100290388
100660024
100027780
100108650
100419744
100504676
102757049
100188334
100296104
100100298
100362846
100102812
100126300
100124916
100001227
100160764
100256204
100650596
100103898
100082330
100435568
100046732
100088496
100399426
101090066
100202768
100185715
100037962
100195764
100484492
102266897
100022892
100001406
100043596
100632893
100588900
102096487
100112146
100215502
100429298
100211710
100130742
100101150
100143474
100035554
101044194
100393510
100017076
100016430
100391300
100110766
100054690
100467324
100179774
100086676
100092984
100412384
100391914
100560146
100410751
100058374
102535845
100230996
100093008
100489158
102283605
100027418
102113525
100188336
100348414
101094214
100366716
100159558
100412362
100414248
100550142
100201128
100193042
100125776
102129567
100006762
100056332
100058286
102266389
102168957
100621940
100201568
100424002
100550396
100245180
102967809
100589508
100621376
102965703
100208882
100790601
100687406
100320913
102334887
100700824
101044544
102941493
102941753
102273251
102592477
102756123
100688200
102332025
100377790
100801833
100165808
100203890
100585212
102318687
100415058
100469756
100395438
100539002
100350086
100420973
101088010
102266885
100693436
100491956
100691528
100797951
100226230
100489290
100294796
100341100
100438956
100362656
100050953
100018149
102306883
100693080
100622020
100262838
102941519
100690734
101077438
100657065
101092448
100296055
100222045
101044520
100009070
100621400
100376996
102764981
100596000
102853705
102543409
102266603
102501761
100244506
100375086
100142521
100516422
100800423
100801385
100158704
100601694
100585590
100006594
102488337
100084614
100809157
100156912
100517072
100544956
100582882
100668394
102264429
100156066
100524042
100691722
100525914
100620030
102854273
100203784
102479991
100013384
102421425
100609043
100025464
102323055
100454640
100086284
101112912
100155602
100799577
100640052
100414242
100460270
100433860
102755177
100801509
100800375
102950471
100658554
100417434
100400916
100042810
100041715
100804599
102444029
100353148
100565900
100189390
100028280
102323405
100588438
100014166
100651365
100324925
100667800
100799157
100013496
100000984
100802987
102466811
100688110
100322838
100464342
100281618
100151049
100013490
100194108
100659756
100687348
100547284
100820071
100413920
102326029
100611952
100693508
102254963
100443356
100328786
100371149
100303228
100649010
100687350
100206576
100620046
102471655
102097801
100440484
100000994
100322452
100000872
100018670
100155390
100806581
100687354
100021099
101008987
100695010
102776043
100591492
100694160
100611370
100201240
100201134
100317030
100128338
100687524
100773609
100274652
100804315
100103013
100500356
100509126
100773515
100200516
100525916
100244166
100201034
100326456
100059200
100382828
100011715
101086700
100687824
100205131
100276131
100183579
100058058
100372098
100058368
100200484
100372690
100205342
100156116
100368385
100570250
102619835
102683857
102326719
100611950
100204826
100201900
100397782
101045070
100024986
100077692
100390022
100621648
100156932
100597276
100403044
100182414
101073902
100185348
100192568
100655739
100397534
100044300
100065070
100397816
102251007
100212850
102959525
100388178
100219568
100163746
102960251
101009885
100605716
100408792
100566062
100526396
100677646
102543625
100561952
100254737
100804065
100310696
100580630
100682960
100603220
100641168
100685952
100204408
100526400
100272580
100515204
100025552
100048338
100604352
102260065
100178018
100298588
100566906
100391782
100424358
100086342
100184392
100157057
100079036
100016219
100814707
100647106
100191196
102853745
100082576
100198556
100758517
100798953
100188312
100183588
100271525
100085688
100194976
102467405
100141160
100145346
100187716
100251216
100020392
100168592
100181626
100312806
100368272
100078736
100245084
100144248
100336578
100043502
100185866
100178170
100075322
100015592
100006808
100029032
100312900
100433464
100096110
100219682
100408976
100408492
100040328
102313193
100035922
100041332
101017203
100028190
102941103
100011312
100013378
100208588
100007270
100341582
100000284
100002618
100210362
100302619
100052704
100390496
100179404
100215374
100115076
100215428
100215380
100391398
100215390
100215470
100252642
100215820
100215468
100237000
100781625
100215486
100215816
100215408
100337756
100215460
100215498
100215810
100429656
102953157
102325869
100208854
100212048
100322848
100401148
101093670
100038090
100082410
100016034
100164911
100045360
100077886
100035018
100127078
100104314
100321252
100157862
100070754
100006318
100529392
100122276
100159952
100264296
100212578
102141631
100037344
100430266
100134032
100198424
100209012
100385750
100166338
100106772
100574494
100158708
100037750
100001738
100210892
100025712
100243342
100220580
100195428
100190358
102940287
100104161
100009662
100392656
100048170
100398242
100312484
102758283
100153184
100679180
102446653
100164380
100481007
100161504
102543399
100216520
101033930
100763087
100076072
100007362
100217360
100019294
100396906
100152040
100044819
100423720
100606005
100010842
100431982
100179220
100205006
100346848
100283956
100078920
100702174
100220590
100157718
100265386
100040398
100382508
102116783
101085832
100325646
100001961
100160786
101136850
100086714
100409186
102297381
100040036
100157816
100183758
100438152
100386968
100648653
102184357
100042660
100404306
100203158
100428706
100332646
100357976
100402002
100007616
100183320
100278884
100039958
100023634
100421936
100057106
100211078
100405030
100400550
100291520
101033934
100102674
102257279
100438388
100180420
102175805
100041869
100018252
100402392
100801469
100401566
101044534
100425646
100551061
100548446
100070575
101096514
100014360
100432858
100686543
100524192
100200826
100207922
100068776
100026170
100182736
100015762
100437498
100052992
100264446
100027336
100114454
100214266
100402628
100045952
100084996
100074064
100315264
100785735
100338522
100392400
100012446
100417162
100415142
100351232
101054236
100418674
100524100
100078138
100322214
100393852
102334703
100062708
102284019
100406338
100396354
100046070
100313410
100210726
100335290
100393624
100437772
101088362
100194700
100702500
100144772
100435476
100528266
101083298
102293583
102174939
101136952
100213312
102293629
100064110
100202954
100630078
100438004
100218128
100058612
100596674
100403214
100156568
100207718
100222294
100042110
100210594
100423068
100043844
100217540
100440436
100214712
100125030
102858509
102569843
100219728
101056704
100214272
100052948
100043674
100235808
100183192
100204782
100277198
100021790
100059650
100402612
100081468
100055870
100424584
100053608
100402334
100010620
100060370
100194068
100035846
100436404
100007464
100396634
100396558
100278095
100544476
100043538
100386370
100424462
100819961
100177156
102941627
101076934
100021446
100011226
100058988
100072657
100220176
102966937
100702122
100212336
100392278
102580715
100391156
100105872
100158732
100192304
102776055
100022790
102869743
100210448
100084556
100063414
100106607
100089060
100094338
100135204
100102004
100061902
100135278
100333364
100062246
100014301
100377516
100116606
100134734
100125764
100083298
100374964
100062184
100051156
100094304
100102504
100034242
100135064
100004197
102474443
102282713
100024486
100420612
100427568
100005920
102325329
100116125
100204286
100199998
100216378
100416790
100189818
100063056
100011618
100135288
100063874
100265647
100062594
100046288
100456250
100019890
100059322
100424058
100320656
100091882
100044798
100398452
100314613
100023550
100188952
100799369
100062756
102260619
101126174
100779687
100390190
100391174
100356052
100045630
100204776
102120117
100018704
100192718
100082784
100199246
100423988
100083758
100103981
100215640
100072670
100218306
100012380
100420722
100018130
100008520
100088276
100202820
100423612
100157906
102316107
100411366
100040886
100002240
100060598
100027804
100415280
100427606
100508288
100041900
100807347
100416264
102440359
102136739
100158832
100343090
100341170
100244192
102869407
100373444
100265631
100414306
102298479
100012572
101084392
100419662
100428426
100064812
100403668
100028484
100004176
100508010
100003772
100418964
100432056
102476339
102294449
100335974
100009468
102440579
101113530
100000864
100421398
101045165
100118707
100087742
100001860
100017976
102308977
102256787
100413718
102325875
100411889
102862827
102703683
102854425
100174022
100015594
102324267
100027810
100409584
100142060
102263957
100159872
100419508
101091042
100721417
102669727
100085146
100432212
102417245
100424986
102112309
100080396
102415761
101136936
101057464
101069119
102851625
102587077
102495519
102775517
100197258
102854203
100589098
102925255
100184538
102643881
102951393
102967979
100611542
102775709
102295767
101032306
102925507
102871565
102858459
101101750
102851679
102249327
102955971
100241134
100081186
102289527
102532853
101092674
102868579
102175149
102491307
100035844
102764487
101057384
102951607
100115694
102764375
100330514
100192052
102865875
100196346
102291439
102532699
101136868
100167176
102786313
100001711
100039108
100392518
102856167
100193732
102465557
102252251
100043326
102775621
101042160
102262611
100064931
101044610
102872447
100411708
102098179
100064962
100248496
101083296
100021474
100285981
101093210
102262313
102868935
100603549
100492610
101044826
102476841
102643869
102855693
100193502
102183521
100117451
102871091
100106950
102320281
100193498
100028162
100190726
102855985
100237360
102493443
100409032
100701050
100402964
100193462
102858581
102698395
102263941
100194922
100200328
102283341
102183525
102698421
102475505
102262539
102251111
102309619
102096275
102184145
102870437
100041014
100192258
100029083
102254427
100081902
102871557
100423772
100038924
101083412
100136367
100037358
100435712
100027248
100106410
102856133
100784715
102862819
100632761
101031636
100099237
100106565
100110470
100120042
100135088
100106212
100111520
100111109
100135138
100060064
100138990
100111512
100133902
100151170
100109062
100105829
100674250
100059830
100117810
100111584
102117427
100315500
100029873
100135450
100063971
100116352
100305078
100096863
100110444
100134932
100113300
100116538
100114088
100127106
100109880
100149692
100110890
100146526
100117408
100112314
100118934
100148606
100058892
100131132
100138692
102121591
100119322
100146168
100130428
100460439
100147702
100116934
100130192
100144462
100112690
100107016
100119776
100146624
100107432
100130810
100565062
100058962
100153134
100059716
100106822
100149576
100117554
100152628
100059180
100123504
100080555
101086268
100114780
100134024
101088130
100117088
100275256
100126588
100119446
100071017
100108010
100454212
100151882
100134066
100147882
100130664
100056831
100153130
100462655
100226274
100116932
100153710
100108088
100150834
100151376
100058566
100127184
100130122
100114678
100115610
100140438
100107648
100117992
100135870
100700340
100117449
100147326
100110004
100146354
100151442
100108946
100145686
100105150
100087593
100109540
100149600
100119050
100006199
100152490
100127444
100147336
100132354
100072329
100092433
100110010
101081094
100119546
100090561
100100090
100139926
100336952
100154432
100107190
100127100
101030278
100059492
100110360
100145980
100092269
100147804
100133046
100029103
100149820
100133616
101080984
100116522
100177178
100116570
100151822
100110382
100685492
100504578
100150038
100151484
100114650
100131900
100134356
100126040
100149974
100125970
100101597
100105152
100153020
100055465
100132642
100060048
100150736
100152022
100324524
100146284
100116950
100106574
100118980
100132668
100151752
100129146
100107694
100105378
100143272
100153126
100074033
100110426
100142596
100107834
100248547
100060094
100110808
100154666
100147840
100146126
100152966
100153438
100114302
100152444
100059233
100153160
100115588
100094692
100149884
100461434
101080356
100148946
100515540
100234436
100153108
100150174
100139126
100106988
100140036
100150154
100110600
100126038
100151186
100128906
100118874
100139534
100108266
100152714
100152066
100135004
100106306
100128072
100111617
100128866
100064489
100127612
100148290
100515248
100152718
100147760
100128754
100119018
100139144
100117004
100138814
100134368
100089199
100105656
100130420
100153878
100137544
100150988
100129434
100146668
100115954
100133098
100115658
100100247
100313392
100146000
100149684
100182162
100094764
100118878
100132408
100145194
100129690
100109954
100450962
100147214
100115626
100106356
100149458
100151032
100112044
100106750
100129376
100135208
100129202
100132610
100147664
100135516
100105528
100134312
100148294
100139722
100151508
100059596
100105264
100059638
100128762
100118802
100116049
100107178
100093183
100137930
100111824
100106238
100134470
100132880
100152036
100151928
100113862
100110432
100111530
100139872
100380484
100111938
100107628
100146612
100133111
100106340
100151120
100034245
100146032
100119274
100142836
101085262
100128636
100101276
100142660
100146114
100116386
100148778
100118659
100007595
100139768
100144918
100133740
100143080
100133856
101080972
100152372
100078539
100135012
100147936
100149340
100150502
100118728
100241300
100105716
100147910
100105186
100152938
100148610
100109024
100138682
100140206
100091955
100135216
100135262
100096141
100152768
100110342
100130986
100105178
100149782
100139434
100152050
100114404
100133364
100133502
100030351
100111090
100141548
100012859
100127358
100059664
100025743
100056869
100151774
100053753
100136580
100075495
100109912
100134000
101088052
100128664
100119438
100548856
100106332
100090571
100147908
100146074
100094393
100354966
100113898
100138914
100150438
100128766
100096641
100152304
100065521
100089191
100129406
100133842
100472496
100146968
100128694
100148298
100128630
100138850
100105450
100116688
100057279
100150132
100117938
100133814
100474168
100059684
100086983
100132200
100116784
100107640
100143402
102616927
101057376
102957181
102477623
102543691
102858091
101125934
102757661
102855845
102786401
102776095
102785009
100456122
101138464
102867607
102601649
102855865
102669905
102589897
102855837
102871081
102774735
102777599
102855833
102957173
102774707
102784967
102755599
102786415
102757221
102757177
102950875
101057676
102586505
102924351
100102625
102871079
102755181
102855849
102592523
102755249
102786387
101138450
102786407
102960249
102756693
101136842
102755183
100164624
100190090
100682921
100201970
102763301
100641651
100197240
102643861
100197248
100078274
100399838
101044942
100196238
100079172
102305193
100023730
100071117
100429096
100086566
100117667
100420822
102669605
100650911
100039552
100039558
102480425
100189622
102485061
102489749
102499495
100417784
100040984
100414208
100081164
100045652
100392748
100387634
102483789
100016868
102755295
102176021
100155224
100651521
102174499
100388446
100185230
100192914
100159054
100190830
100189552
100025024
100400670
102438057
102283655
102437765
102757031
100056640
100165046
100722781
100735693
100428710
101096594
102925239
100579844
100028322
100128170
100412076
100530046
100244586
100004290
100014494
100027768
100115594
100539843
100194510
101125862
102114255
100059855
100321456
100569798
101093350
100199438
100730521
100411650
102854191
100086214
100141678
100702044
100005106
100237186
100004972
102256799
100195884
100000508
102925367
100197440
100797749
100039016
100077044
100000130
102123069
100657712
102132681
100200170
100158626
102858217
100420396
100199324
102862835
102858555
101034146
100430114
102543637
100147990
102764187
100202648
102774649
101061763
102540983
100682868
102955425
100039482
100022428
100028420
100200582
100200102
100700938
100415322
100059990
100772717
100399932
102262821
102497637
102464293
100602659
100803059
100445490
102125537
102183583
102463625
100759091
100114576
100232134
100697869
102858263
100420752
100025643
100160350
100332682
102130649
100420188
102858265
100700952
100012706
100203424
100017966
100023870
100009260
100432018
102858235
100001218
100000142
100014492
100194560
100669874
100050915
101057458
100022902
100431602
100202726
101088924
100422886
101118460
100467241
100498410
100561278
102867405
100013516
100599918
100669326
100203418
100427516
102492917
100139634
100700930
100125530
100197886
100432182
100022756
100424486
100205963
100420254
100197660
100597299
100427080
100196966
100060916
100142860
100429774
102277629
100811645
100072558
100737041
100086954
100198024
100182040
100169344
100202784
100434334
100007274
100185024
100041184
100200180
100040162
100025858
100062712
100081714
100784549
100203862
100153936
100040814
100145178
100159220
100018770
100080192
100736937
100434502
100054780
100019450
100080452
100018594
100082086
100026854
100157710
100811421
100199670
100081386
100047198
100079228
100085690
100022718
100038680
100026472
100041276
100784379
100017422
100022596
100424682
100748999
100722909
100198538
100082240
100085994
100087296
100196512
100080130
100202382
100007222
100196688
100145162
100196604
100184116
100747615
100056844
100054544
100019892
100157044
100798577
100186460
100019380
100081800
100114200
102185239
102273475
100041770
102155489
100024124
100205062
100017800
102763331
100772701
100159494
102968791
100042412
102856441
100156612
102270157
102490211
101057414
100629713
102115271
100697464
100020720
100424911
100201108
100419326
100212394
100772621
100636645
100730527
100081252
100051153
100204100
102868325
102264175
100094009
102254307
100185226
102479953
102097399
100202148
102479949
100024472
102940927
100699736
100405208
101044210
100019470
100066377
100366053
100217910
102266891
100364156
102479967
100047068
102178467
100085934
102254993
101057370
100202698
100079462
100192450
101080610
102940299
100044640
100154412
100020502
100018398
101094132
100023444
100212436
100424492
100295598
102462565
100187434
102289823
102262387
100192036
100125820
102265381
100145520
102930719
100486011
101061725
100342317
100195456
102968593
102869745
100418124
100022760
102480011
100042342
100045662
100415872
100038350
100026552
100631368
100416354
100140412
100002720
100395808
100421138
100086046
100019724
100183022
100215866
102310237
100389066
100054918
100377020
100421114
100410434
100017158
100047686
100207630
100046606
100806289
100791315
100296378
101057378
100082962
100433258
101094594
100405874
100416890
100416444
100656115
102777551
102765045
102583403
100292320
102183609
102755747
100085626
100085972
100629967
101077640
102437503
100060310
100428320
100192666
102941199
102869687
100132569
102261579
102756815
102871563
100079816
100023502
100593699
100406178
102571077
100206090
102864159
102635781
100087624
102617233
100423854
100040630
102755085
101099098
102954155
102856213
102251099
100133310
102615169
100258641
102964455
100041973
100406998
100464420
102287307
100793227
102697857
102472751
100685589
100029102
101076032
100190860
100291406
101057022
100357316
100326986
100061708
100348391
100191988
100190818
100081224
100485092
100638041
100211130
100209752
100497647
100001750
100057062
100063161
100794341
100040798
100085798
100651942
100430322
102491959
102594053
100430520
100180756
100445366
100040588
100026068
100426588
100038648
100202610
100423932
100078324
100023696
100012780
100184044
100100756
100038824
100022452
100330438
100257154
100011712
100378394
100064794
100322132
100407638
101115874
100762413
100177088
100075972
102184303
102283725
100425904
100594775
100248948
102491971
102856045
100042830
100430030
100424826
100021023
100309842
100455386
102168053
100684922
100046014
102546761
102278299
100503097
100204996
100168128
100471202
100212454
100045308
100796511
100135593
100089628
100008258
100398628
100399734
100017329
100237342
100050254
100141490
100035096
100061548
100121580
100122890
100137282
100061084
100048446
100113802
100032254
100061584
100141294
101085834
100052828
100035046
100061692
100019647
100645124
100320968
100032730
100061350
100108512
100060972
100061030
100011579
100114270
100097912
100061308
100061032
100272138
100103636
100126992
100142012
100048318
100138336
100060974
100142404
100574592
100113486
100061256
100285572
100094378
100031620
100031662
100091406
100030842
100119789
100060976
100137540
100104434
100061252
100128406
100189558
100219516
100061200
100472148
100055748
100394274
100016404
100086408
102152983
100388018
100282064
100194246
100200722
100643633
100795631
100417588
102267453
100386962
100004952
100103101
100307506
100001246
100212672
100150616
100521628
100010244
100027268
100006744
100217210
100253886
102940621
100404966
100246093
100259012
100070752
102263977
100410458
100085006
100436004
100141672
102963629
100210208
100373074
100398872
100195844
100283898
100428014
100048126
100067242
100492124
100549788
100203470
100017000
100325281
102757257
100301548
102586589
100416400
100578430
100319926
